 -4050,000000000	0,000000000	3700,000000000	37,105314115	0,150146360	NaN	NaN	NaN	NaN	26,008457576
 -4050,000000000	0,000000000	2700,000000000	37,397874523	0,144871162	NaN	NaN	NaN	NaN	25,962828354
 -4050,000000000	0,000000000	2200,000000000	37,890185628	0,144372680	NaN	NaN	NaN	NaN	26,104214120
 -4050,000000000	0,000000000	2000,000000000	37,337728309	0,144916377	NaN	NaN	NaN	NaN	26,169192417
 -4050,000000000	0,000000000	1800,000000000	37,530563441	0,152046253	NaN	NaN	NaN	NaN	26,133657655
 -4050,000000000	0,000000000	1600,000000000	37,226342997	0,146115506	NaN	NaN	NaN	NaN	26,157706421
 -4050,000000000	0,000000000	1400,000000000	37,676251875	0,156293725	NaN	NaN	NaN	NaN	26,196523557
 -4050,000000000	0,000000000	1200,000000000	37,993918398	0,159934758	NaN	NaN	NaN	NaN	26,164380522
 -4050,000000000	0,000000000	1000,000000000	37,879939173	0,161948676	NaN	NaN	NaN	NaN	26,209792050
 -4050,000000000	0,000000000	800,000000000	37,955818810	0,159656392	NaN	NaN	NaN	NaN	26,160916637
 -4050,000000000	0,000000000	600,000000000	37,430713837	0,186093698	NaN	NaN	NaN	NaN	26,148846042
 -4050,000000000	0,000000000	400,000000000	37,594157505	0,204973394	NaN	NaN	NaN	NaN	26,124890599
 -4050,000000000	0,000000000	200,000000000	37,299035589	0,231343591	NaN	NaN	NaN	NaN	26,222942938
 -4050,000000000	0,000000000	0,000000000	35,271694231	0,576619750	NaN	NaN	NaN	NaN	26,196590582
 -4050,000000000	0,000000000	-100,000000000	32,934002918	0,994155731	NaN	NaN	NaN	NaN	26,230366524
 -4050,000000000	0,000000000	-150,000000000	31,637866728	1,144943409	NaN	NaN	NaN	NaN	26,206616685
 -4050,000000000	0,000000000	-200,000000000	28,924770859	2,070020548	NaN	NaN	NaN	NaN	26,141723454
 -4050,000000000	0,000000000	-250,000000000	28,835917169	1,658477000	NaN	NaN	NaN	NaN	26,138466398
 -4050,000000000	0,000000000	-300,000000000	26,225970299	1,292295565	NaN	NaN	NaN	NaN	26,086516600
 -4050,000000000	0,000000000	-350,000000000	24,016447350	1,995205977	NaN	NaN	NaN	NaN	26,044370640
 -4050,000000000	0,000000000	-400,000000000	22,071366992	2,147097789	NaN	NaN	NaN	NaN	26,025285465
 -4050,000000000	0,000000000	-450,000000000	19,440409339	2,442242191	NaN	NaN	NaN	NaN	26,061873480
 -4050,000000000	0,000000000	-500,000000000	16,595548957	1,365940221	NaN	NaN	NaN	NaN	26,102198441
 -4050,000000000	0,000000000	-550,000000000	11,494052475	1,259865010	NaN	NaN	NaN	NaN	26,056673716
 -4050,000000000	0,000000000	-550,000000000	11,247535730	1,150078149	NaN	NaN	NaN	NaN	26,030803911
 -4050,000000000	0,000000000	-550,000000000	11,971130971	1,270547449	NaN	NaN	NaN	NaN	26,060912578
 -4050,000000000	0,000000000	-550,000000000	10,838726207	0,878324744	NaN	NaN	NaN	NaN	26,037592533
 -4050,000000000	5000,000000000	3700,000000000	37,536885124	0,123315883	NaN	NaN	NaN	NaN	26,015445499
 -4050,000000000	5000,000000000	2700,000000000	37,265813756	0,142963548	NaN	NaN	NaN	NaN	26,016626750
 -4050,000000000	5000,000000000	2200,000000000	37,608685760	0,160676945	NaN	NaN	NaN	NaN	26,079770550
 -4050,000000000	5000,000000000	2000,000000000	37,305289356	0,159113685	NaN	NaN	NaN	NaN	26,104063249
 -4050,000000000	5000,000000000	1800,000000000	37,690163711	0,134454520	NaN	NaN	NaN	NaN	26,156170881
 -4050,000000000	5000,000000000	1600,000000000	37,497653569	0,163895059	NaN	NaN	NaN	NaN	26,095447151
 -4050,000000000	5000,000000000	1400,000000000	37,796259377	0,150945662	NaN	NaN	NaN	NaN	26,095175839
 -4050,000000000	5000,000000000	1200,000000000	37,407743506	0,167429527	NaN	NaN	NaN	NaN	26,067150583
 -4050,000000000	5000,000000000	1000,000000000	37,359513438	0,145497982	NaN	NaN	NaN	NaN	26,021510597
 -4050,000000000	5000,000000000	800,000000000	37,671826996	0,166267369	NaN	NaN	NaN	NaN	26,051213580
 -4050,000000000	5000,000000000	600,000000000	37,414033284	0,136673137	NaN	NaN	NaN	NaN	26,023558987
 -4050,000000000	5000,000000000	400,000000000	37,027728693	0,258987999	NaN	NaN	NaN	NaN	26,108003131
 -4050,000000000	5000,000000000	200,000000000	35,696545220	0,479546035	NaN	NaN	NaN	NaN	26,062851901
 -4050,000000000	5000,000000000	0,000000000	33,522758017	1,158064667	NaN	NaN	NaN	NaN	26,022939740
 -4050,000000000	5000,000000000	-100,000000000	30,358813404	1,890007856	NaN	NaN	NaN	NaN	26,077654408
 -4050,000000000	5000,000000000	-150,000000000	29,018591689	2,126790882	NaN	NaN	NaN	NaN	25,986213380
 -4050,000000000	5000,000000000	-200,000000000	27,888168813	1,931429515	NaN	NaN	NaN	NaN	25,959628796
 -4050,000000000	5000,000000000	-250,000000000	24,294549952	1,870125646	NaN	NaN	NaN	NaN	26,014014559
 -4050,000000000	5000,000000000	-300,000000000	23,202290571	1,983932859	NaN	NaN	NaN	NaN	26,022660094
 -4050,000000000	5000,000000000	-350,000000000	19,682883584	2,737504035	NaN	NaN	NaN	NaN	26,053486016
 -4050,000000000	5000,000000000	-400,000000000	16,145809048	1,955294348	NaN	NaN	NaN	NaN	26,017350604
 -4050,000000000	5000,000000000	-450,000000000	11,995678190	1,192537123	NaN	NaN	NaN	NaN	26,022475752
 -4050,000000000	5000,000000000	-450,000000000	11,402504066	1,340191927	NaN	NaN	NaN	NaN	26,023545212
 -4050,000000000	5000,000000000	-450,000000000	12,910705595	1,389969360	NaN	NaN	NaN	NaN	26,053033016
 -4050,000000000	5000,000000000	-600,000000000	8,627929052	0,997474396	NaN	NaN	NaN	NaN	26,057916568
 -4050,000000000	5000,000000000	-600,000000000	8,665849256	0,950201867	NaN	NaN	NaN	NaN	26,155202448
 -4050,000000000	5000,000000000	-600,000000000	8,270329128	0,869691346	NaN	NaN	NaN	NaN	26,159384388
 -4050,000000000	10000,000000000	3700,000000000	37,597778394	0,142027719	NaN	NaN	NaN	NaN	26,132841258
 -4050,000000000	10000,000000000	2700,000000000	37,668681503	0,146120519	NaN	NaN	NaN	NaN	26,079120387
 -4050,000000000	10000,000000000	2200,000000000	37,372585787	0,136211937	NaN	NaN	NaN	NaN	26,043445763
 -4050,000000000	10000,000000000	2000,000000000	37,521427332	0,147570475	NaN	NaN	NaN	NaN	26,072907842
 -4050,000000000	10000,000000000	1800,000000000	37,579852222	0,136313743	NaN	NaN	NaN	NaN	26,121627794
 -4050,000000000	10000,000000000	1600,000000000	37,786024835	0,139165063	NaN	NaN	NaN	NaN	26,122239007
 -4050,000000000	10000,000000000	1400,000000000	37,654686150	0,142938146	NaN	NaN	NaN	NaN	26,083504462
 -4050,000000000	10000,000000000	1200,000000000	37,630926626	0,158178476	NaN	NaN	NaN	NaN	26,064372122
 -4050,000000000	10000,000000000	1000,000000000	37,528944504	0,161449305	NaN	NaN	NaN	NaN	26,089318743
 -4050,000000000	10000,000000000	800,000000000	37,549130740	0,154933481	NaN	NaN	NaN	NaN	26,065250560
 -4050,000000000	10000,000000000	600,000000000	37,583584416	0,203522139	NaN	NaN	NaN	NaN	26,097811200
 -4050,000000000	10000,000000000	400,000000000	36,011858281	0,619520578	NaN	NaN	NaN	NaN	26,044803546
 -4050,000000000	10000,000000000	200,000000000	33,045980408	1,798809388	NaN	NaN	NaN	NaN	26,077632870
 -4050,000000000	10000,000000000	0,000000000	28,562509633	2,116927656	NaN	NaN	NaN	NaN	26,050427204
 -4050,000000000	10000,000000000	-100,000000000	26,464807039	2,703021115	NaN	NaN	NaN	NaN	26,056472466
 -4050,000000000	10000,000000000	-150,000000000	24,363510569	2,814062094	NaN	NaN	NaN	NaN	26,065629741
 -4050,000000000	10000,000000000	-200,000000000	20,194748982	1,994211336	NaN	NaN	NaN	NaN	26,083204803
 -4050,000000000	10000,000000000	-250,000000000	17,490172384	2,018712846	NaN	NaN	NaN	NaN	26,100766963
 -4050,000000000	10000,000000000	-300,000000000	13,476223233	1,268964864	NaN	NaN	NaN	NaN	26,076125861
 -4050,000000000	10000,000000000	-350,000000000	9,263172436	0,978443260	NaN	NaN	NaN	NaN	26,027071570
 -4050,000000000	10000,000000000	-350,000000000	11,094589189	1,364856549	NaN	NaN	NaN	NaN	26,118481532
 -4050,000000000	10000,000000000	-350,000000000	9,402953694	1,285133561	NaN	NaN	NaN	NaN	26,168538769
 -4050,000000000	10000,000000000	-350,000000000	9,422767276	1,171386309	NaN	NaN	NaN	NaN	26,146462762
 -4050,000000000	10000,000000000	-350,000000000	9,114360152	0,739573653	NaN	NaN	NaN	NaN	26,171752487
 -4050,000000000	10000,000000000	-350,000000000	9,604931327	1,426822423	NaN	NaN	NaN	NaN	26,120942855
 -4050,000000000	10000,000000000	-350,000000000	9,468583338	1,428286020	NaN	NaN	NaN	NaN	26,095907099
 -4050,000000000	10000,000000000	-350,000000000	9,539575171	1,249003007	NaN	NaN	NaN	NaN	26,086252481
 -4050,000000000	15000,000000000	3700,000000000	37,529978709	0,128199180	NaN	NaN	NaN	NaN	26,004904771
 -4050,000000000	15000,000000000	2700,000000000	37,212777451	0,125402250	NaN	NaN	NaN	NaN	26,024216533
 -4050,000000000	15000,000000000	2200,000000000	37,412153832	0,127811245	NaN	NaN	NaN	NaN	26,058029617
 -4050,000000000	15000,000000000	2000,000000000	37,686927190	0,122674329	NaN	NaN	NaN	NaN	26,072225799
 -4050,000000000	15000,000000000	1800,000000000	37,604783469	0,130044778	NaN	NaN	NaN	NaN	26,086052015
 -4050,000000000	15000,000000000	1600,000000000	37,211831419	0,125891160	NaN	NaN	NaN	NaN	26,113435447
 -4050,000000000	15000,000000000	1400,000000000	37,845060162	0,139088060	NaN	NaN	NaN	NaN	26,120807943
 -4050,000000000	15000,000000000	1200,000000000	37,180242381	0,140530538	NaN	NaN	NaN	NaN	26,099496681
 -4050,000000000	15000,000000000	1000,000000000	37,396452192	0,136935505	NaN	NaN	NaN	NaN	26,017767251
 -4050,000000000	15000,000000000	800,000000000	37,358423677	0,157520230	NaN	NaN	NaN	NaN	26,042882073
 -4050,000000000	15000,000000000	600,000000000	36,542417992	0,445336974	NaN	NaN	NaN	NaN	26,028508199
 -4050,000000000	15000,000000000	400,000000000	34,775171665	0,916385970	NaN	NaN	NaN	NaN	26,089220261
 -4050,000000000	15000,000000000	200,000000000	31,491061189	1,338627850	NaN	NaN	NaN	NaN	26,074910573
 -4050,000000000	15000,000000000	0,000000000	24,256264612	2,350723253	NaN	NaN	NaN	NaN	26,039211182
 -4050,000000000	15000,000000000	-100,000000000	19,038775106	1,750035489	NaN	NaN	NaN	NaN	26,018561521
 -4050,000000000	15000,000000000	-150,000000000	16,217466654	1,366842057	NaN	NaN	NaN	NaN	26,087334569
 -4050,000000000	15000,000000000	-200,000000000	12,046013367	1,489671045	NaN	NaN	NaN	NaN	26,080498846
 -4050,000000000	15000,000000000	-250,000000000	9,235469503	0,641477779	NaN	NaN	NaN	NaN	26,084007096
 -4050,000000000	15000,000000000	-250,000000000	8,830365541	0,916880499	NaN	NaN	NaN	NaN	26,081724155
 -4050,000000000	15000,000000000	-250,000000000	8,718784964	0,792668477	NaN	NaN	NaN	NaN	26,060042540
 -4050,000000000	15000,000000000	-250,000000000	8,864858404	0,905826872	NaN	NaN	NaN	NaN	26,058601266
 -4050,000000000	15000,000000000	-250,000000000	8,865499678	0,601755385	NaN	NaN	NaN	NaN	26,069544986
 -4050,000000000	15000,000000000	-250,000000000	8,801994202	1,017402274	NaN	NaN	NaN	NaN	26,130394962
 -4050,000000000	15000,000000000	-250,000000000	9,077052512	0,900949540	NaN	NaN	NaN	NaN	26,211722233
 -4050,000000000	15000,000000000	-250,000000000	8,289002595	0,649927971	NaN	NaN	NaN	NaN	26,162790494
 -4050,000000000	15000,000000000	-250,000000000	9,184835670	1,094134059	NaN	NaN	NaN	NaN	26,121853170
 -4050,000000000	15000,000000000	-250,000000000	8,766752628	0,972620883	NaN	NaN	NaN	NaN	26,164016718
 -4050,000000000	20000,000000000	3700,000000000	37,507782375	0,137512875	NaN	NaN	NaN	NaN	26,192103241
 -4050,000000000	20000,000000000	2700,000000000	37,679841614	0,142463943	NaN	NaN	NaN	NaN	26,187220153
 -4050,000000000	20000,000000000	2200,000000000	37,464964548	0,143622369	NaN	NaN	NaN	NaN	26,250053140
 -4050,000000000	20000,000000000	2000,000000000	37,628343399	0,126794659	NaN	NaN	NaN	NaN	26,239495087
 -4050,000000000	20000,000000000	1800,000000000	37,466823519	0,137638885	NaN	NaN	NaN	NaN	26,179584563
 -4050,000000000	20000,000000000	1600,000000000	37,524414252	0,140529849	NaN	NaN	NaN	NaN	26,121710441
 -4050,000000000	20000,000000000	1400,000000000	37,591209778	0,145354138	NaN	NaN	NaN	NaN	26,123357006
 -4050,000000000	20000,000000000	1200,000000000	37,689625053	0,133561854	NaN	NaN	NaN	NaN	26,119570786
 -4050,000000000	20000,000000000	1000,000000000	37,641541156	0,154864567	NaN	NaN	NaN	NaN	26,151966315
 -4050,000000000	20000,000000000	800,000000000	37,183483727	0,251242203	NaN	NaN	NaN	NaN	26,192471291
 -4050,000000000	20000,000000000	600,000000000	35,659077986	0,732052485	NaN	NaN	NaN	NaN	26,101782189
 -4050,000000000	20000,000000000	400,000000000	32,391104655	1,246768118	NaN	NaN	NaN	NaN	26,160513425
 -4050,000000000	20000,000000000	200,000000000	27,027504826	1,821501464	NaN	NaN	NaN	NaN	26,186939053
 -4050,000000000	20000,000000000	0,000000000	16,605485605	2,172652734	NaN	NaN	NaN	NaN	26,207587557
 -4050,000000000	20000,000000000	-100,000000000	9,619011105	0,933312111	NaN	NaN	NaN	NaN	26,217994988
 -4050,000000000	20000,000000000	-100,000000000	10,517789061	1,428435086	NaN	NaN	NaN	NaN	26,241078758
 -4050,000000000	20000,000000000	-100,000000000	8,800935758	0,479178578	NaN	NaN	NaN	NaN	26,244944771
 -4050,000000000	20000,000000000	-100,000000000	9,320184825	1,254319893	NaN	NaN	NaN	NaN	26,192928881
 -4050,000000000	20000,000000000	-100,000000000	10,323673193	1,264680386	NaN	NaN	NaN	NaN	26,215183884
 -4050,000000000	20000,000000000	-100,000000000	9,725708954	1,151579651	NaN	NaN	NaN	NaN	26,211551661
 -4050,000000000	20000,000000000	-100,000000000	9,003875346	0,861917350	NaN	NaN	NaN	NaN	26,160822154
 -4050,000000000	20000,000000000	-100,000000000	9,016218858	0,894177950	NaN	NaN	NaN	NaN	26,181611236
 -4050,000000000	20000,000000000	-100,000000000	9,097487215	0,854996956	NaN	NaN	NaN	NaN	26,173056021
 -4050,000000000	20000,000000000	-100,000000000	9,469934169	1,021881226	NaN	NaN	NaN	NaN	26,134989031
 -4050,000000000	20000,000000000	-100,000000000	9,255721763	1,292854316	NaN	NaN	NaN	NaN	26,097660122
 -4050,000000000	20000,000000000	-100,000000000	8,743534408	0,831314917	NaN	NaN	NaN	NaN	26,079768459
 -4050,000000000	20000,000000000	-100,000000000	9,415943598	1,500503271	NaN	NaN	NaN	NaN	26,012910564
 -3550,000000000	0,000000000	3700,000000000	38,223123808	0,146436216	NaN	NaN	NaN	NaN	26,193812134
 -3550,000000000	0,000000000	2700,000000000	38,689575487	0,163834387	NaN	NaN	NaN	NaN	26,158323891
 -3550,000000000	0,000000000	2200,000000000	38,675990856	0,149127129	NaN	NaN	NaN	NaN	26,109338532
 -3550,000000000	0,000000000	2000,000000000	38,351383070	0,161873020	NaN	NaN	NaN	NaN	26,167279517
 -3550,000000000	0,000000000	1800,000000000	38,750968326	0,136839462	NaN	NaN	NaN	NaN	26,133306450
 -3550,000000000	0,000000000	1600,000000000	38,616239205	0,151287255	NaN	NaN	NaN	NaN	26,158954930
 -3550,000000000	0,000000000	1400,000000000	38,844070531	0,134108446	NaN	NaN	NaN	NaN	26,184642140
 -3550,000000000	0,000000000	1200,000000000	38,706190051	0,142663718	NaN	NaN	NaN	NaN	26,135072131
 -3550,000000000	0,000000000	1000,000000000	38,876604361	0,158043403	NaN	NaN	NaN	NaN	26,208622321
 -3550,000000000	0,000000000	800,000000000	38,524605495	0,165819645	NaN	NaN	NaN	NaN	26,190640767
 -3550,000000000	0,000000000	600,000000000	37,953243604	0,169895145	NaN	NaN	NaN	NaN	26,183908987
 -3550,000000000	0,000000000	400,000000000	38,168387631	0,215543126	NaN	NaN	NaN	NaN	26,136672853
 -3550,000000000	0,000000000	200,000000000	37,689696889	0,411773109	NaN	NaN	NaN	NaN	26,168953056
 -3550,000000000	0,000000000	0,000000000	35,088951073	1,276563724	NaN	NaN	NaN	NaN	26,205300029
 -3550,000000000	0,000000000	-100,000000000	32,009733662	2,009354584	NaN	NaN	NaN	NaN	26,197752500
 -3550,000000000	0,000000000	-150,000000000	31,783972892	1,836393011	NaN	NaN	NaN	NaN	26,167427712
 -3550,000000000	0,000000000	-200,000000000	29,795073300	2,395616058	NaN	NaN	NaN	NaN	26,171369889
 -3550,000000000	0,000000000	-250,000000000	28,134157535	2,718758584	NaN	NaN	NaN	NaN	26,161576782
 -3550,000000000	0,000000000	-300,000000000	26,005203867	3,309839725	NaN	NaN	NaN	NaN	26,095068764
 -3550,000000000	0,000000000	-350,000000000	24,784520689	2,494516256	NaN	NaN	NaN	NaN	26,186922342
 -3550,000000000	0,000000000	-400,000000000	20,137203393	2,796989810	NaN	NaN	NaN	NaN	26,181441209
 -3550,000000000	0,000000000	-450,000000000	18,224507538	1,976819034	NaN	NaN	NaN	NaN	26,192781991
 -3550,000000000	0,000000000	-500,000000000	13,464432598	1,893945212	NaN	NaN	NaN	NaN	26,204327241
 -3550,000000000	0,000000000	-550,000000000	10,265803115	1,306559603	NaN	NaN	NaN	NaN	26,184130411
 -3550,000000000	0,000000000	-550,000000000	9,900442818	1,722281313	NaN	NaN	NaN	NaN	26,187219614
 -3550,000000000	0,000000000	-550,000000000	10,055900520	1,350258381	NaN	NaN	NaN	NaN	26,201644956
 -3550,000000000	0,000000000	-550,000000000	8,846689812	0,909788885	NaN	NaN	NaN	NaN	26,217471675
 -3550,000000000	5000,000000000	3700,000000000	38,560960969	0,133693481	NaN	NaN	NaN	NaN	26,289875890
 -3550,000000000	5000,000000000	2700,000000000	38,882161963	0,129990277	NaN	NaN	NaN	NaN	26,301634052
 -3550,000000000	5000,000000000	2200,000000000	38,931292136	0,133632565	NaN	NaN	NaN	NaN	26,316137165
 -3550,000000000	5000,000000000	2000,000000000	38,535721710	0,132735204	NaN	NaN	NaN	NaN	26,283763851
 -3550,000000000	5000,000000000	1800,000000000	37,971397336	0,145061647	NaN	NaN	NaN	NaN	26,276063875
 -3550,000000000	5000,000000000	1600,000000000	38,421292784	0,129800488	NaN	NaN	NaN	NaN	26,282964705
 -3550,000000000	5000,000000000	1400,000000000	38,794032352	0,146779660	NaN	NaN	NaN	NaN	26,253969994
 -3550,000000000	5000,000000000	1200,000000000	37,941814138	0,150796018	NaN	NaN	NaN	NaN	26,238044060
 -3550,000000000	5000,000000000	1000,000000000	38,363784284	0,160377266	NaN	NaN	NaN	NaN	26,267823127
 -3550,000000000	5000,000000000	800,000000000	38,316594607	0,141829054	NaN	NaN	NaN	NaN	26,231253100
 -3550,000000000	5000,000000000	600,000000000	38,464847283	0,156269672	NaN	NaN	NaN	NaN	26,232964086
 -3550,000000000	5000,000000000	400,000000000	37,515827137	0,483026138	NaN	NaN	NaN	NaN	26,238273440
 -3550,000000000	5000,000000000	200,000000000	36,001252810	1,703800637	NaN	NaN	NaN	NaN	26,230547699
 -3550,000000000	5000,000000000	0,000000000	31,890322595	2,473472850	NaN	NaN	NaN	NaN	26,230843222
 -3550,000000000	5000,000000000	-100,000000000	31,161989115	2,405656282	NaN	NaN	NaN	NaN	26,221727504
 -3550,000000000	5000,000000000	-150,000000000	27,601883331	2,881349451	NaN	NaN	NaN	NaN	26,306607633
 -3550,000000000	5000,000000000	-200,000000000	27,912540686	2,870867574	NaN	NaN	NaN	NaN	26,292251504
 -3550,000000000	5000,000000000	-250,000000000	24,960403837	2,818889936	NaN	NaN	NaN	NaN	26,229973219
 -3550,000000000	5000,000000000	-300,000000000	20,288445190	2,114142426	NaN	NaN	NaN	NaN	26,271622248
 -3550,000000000	5000,000000000	-350,000000000	17,020475032	2,029974448	NaN	NaN	NaN	NaN	26,281277485
 -3550,000000000	5000,000000000	-400,000000000	13,560245458	1,518723341	NaN	NaN	NaN	NaN	26,215707048
 -3550,000000000	5000,000000000	-450,000000000	10,390885431	1,591552397	NaN	NaN	NaN	NaN	26,188459022
 -3550,000000000	5000,000000000	-450,000000000	10,048872124	1,303928845	NaN	NaN	NaN	NaN	26,213075015
 -3550,000000000	5000,000000000	-450,000000000	8,933950231	1,270209065	NaN	NaN	NaN	NaN	26,160013678
 -3550,000000000	5000,000000000	-450,000000000	9,384458221	1,286355925	NaN	NaN	NaN	NaN	26,179860594
 -3550,000000000	5000,000000000	-450,000000000	10,559507388	1,087842440	NaN	NaN	NaN	NaN	26,191048943
 -3550,000000000	5000,000000000	-450,000000000	10,162141953	1,336672872	NaN	NaN	NaN	NaN	26,254048669
 -3550,000000000	10000,000000000	3700,000000000	38,605062997	0,136789218	NaN	NaN	NaN	NaN	26,217635157
 -3550,000000000	10000,000000000	2700,000000000	38,378731037	0,138947138	NaN	NaN	NaN	NaN	26,236943791
 -3550,000000000	10000,000000000	2200,000000000	38,451948450	0,156271787	NaN	NaN	NaN	NaN	26,306838894
 -3550,000000000	10000,000000000	2000,000000000	38,418802028	0,139411533	NaN	NaN	NaN	NaN	26,230161994
 -3550,000000000	10000,000000000	1800,000000000	38,515056596	0,149410545	NaN	NaN	NaN	NaN	26,241042921
 -3550,000000000	10000,000000000	1600,000000000	38,726287999	0,146594439	NaN	NaN	NaN	NaN	26,299156944
 -3550,000000000	10000,000000000	1400,000000000	38,586559751	0,153420099	NaN	NaN	NaN	NaN	26,324827822
 -3550,000000000	10000,000000000	1200,000000000	38,410499971	0,155349491	NaN	NaN	NaN	NaN	26,273250161
 -3550,000000000	10000,000000000	1000,000000000	38,705781418	0,168825298	NaN	NaN	NaN	NaN	26,273497990
 -3550,000000000	10000,000000000	800,000000000	38,472308289	0,167541826	NaN	NaN	NaN	NaN	26,303151916
 -3550,000000000	10000,000000000	600,000000000	37,933092943	0,435500827	NaN	NaN	NaN	NaN	26,245274742
 -3550,000000000	10000,000000000	400,000000000	36,747662760	0,920959768	NaN	NaN	NaN	NaN	26,243902507
 -3550,000000000	10000,000000000	200,000000000	33,756734149	1,999300482	NaN	NaN	NaN	NaN	26,291505499
 -3550,000000000	10000,000000000	0,000000000	28,550029798	3,364095655	NaN	NaN	NaN	NaN	26,216612565
 -3550,000000000	10000,000000000	-100,000000000	24,528793390	2,751866083	NaN	NaN	NaN	NaN	26,217047657
 -3550,000000000	10000,000000000	-150,000000000	22,835832969	3,634922562	NaN	NaN	NaN	NaN	26,210072323
 -3550,000000000	10000,000000000	-200,000000000	20,105003079	3,381351753	NaN	NaN	NaN	NaN	26,239304251
 -3550,000000000	10000,000000000	-250,000000000	16,433635579	2,388872029	NaN	NaN	NaN	NaN	26,226044882
 -3550,000000000	10000,000000000	-300,000000000	11,328839808	2,168136391	NaN	NaN	NaN	NaN	26,252127173
 -3550,000000000	10000,000000000	-300,000000000	10,665268362	1,817497775	NaN	NaN	NaN	NaN	26,199588020
 -3550,000000000	10000,000000000	-300,000000000	12,054784111	1,962717542	NaN	NaN	NaN	NaN	26,228524270
 -3550,000000000	10000,000000000	-450,000000000	7,729284061	1,360128448	NaN	NaN	NaN	NaN	26,249072550
 -3550,000000000	10000,000000000	-450,000000000	8,480635996	1,106101260	NaN	NaN	NaN	NaN	26,254277176
 -3550,000000000	10000,000000000	-450,000000000	8,985529800	1,639258961	NaN	NaN	NaN	NaN	26,235919171
 -3550,000000000	10000,000000000	-450,000000000	7,945610377	1,043884430	NaN	NaN	NaN	NaN	26,294161817
 -3550,000000000	10000,000000000	-450,000000000	8,357132510	1,132383231	NaN	NaN	NaN	NaN	26,290646742
 -3550,000000000	10000,000000000	-450,000000000	8,346497656	1,500632008	NaN	NaN	NaN	NaN	26,279030524
 -3550,000000000	15000,000000000	3700,000000000	38,751952668	0,136679351	NaN	NaN	NaN	NaN	26,245998666
 -3550,000000000	15000,000000000	2700,000000000	38,832840553	0,131978720	NaN	NaN	NaN	NaN	26,248986798
 -3550,000000000	15000,000000000	2200,000000000	39,009784347	0,119571423	NaN	NaN	NaN	NaN	26,276612254
 -3550,000000000	15000,000000000	2000,000000000	38,698641932	0,133611534	NaN	NaN	NaN	NaN	26,265204303
 -3550,000000000	15000,000000000	1800,000000000	38,838348820	0,128505862	NaN	NaN	NaN	NaN	26,269659145
 -3550,000000000	15000,000000000	1600,000000000	38,736442875	0,137956026	NaN	NaN	NaN	NaN	26,306504550
 -3550,000000000	15000,000000000	1400,000000000	38,741737130	0,127694268	NaN	NaN	NaN	NaN	26,328339107
 -3550,000000000	15000,000000000	1200,000000000	38,735888454	0,152294758	NaN	NaN	NaN	NaN	26,283791858
 -3550,000000000	15000,000000000	1000,000000000	38,737270471	0,143241133	NaN	NaN	NaN	NaN	26,262933042
 -3550,000000000	15000,000000000	800,000000000	38,577041335	0,173314450	NaN	NaN	NaN	NaN	26,282830098
 -3550,000000000	15000,000000000	600,000000000	37,379664837	0,344142177	NaN	NaN	NaN	NaN	26,322491358
 -3550,000000000	15000,000000000	400,000000000	35,446334464	1,113250093	NaN	NaN	NaN	NaN	26,239367509
 -3550,000000000	15000,000000000	200,000000000	30,813845309	2,921247641	NaN	NaN	NaN	NaN	26,260537808
 -3550,000000000	15000,000000000	0,000000000	21,539192873	2,383013847	NaN	NaN	NaN	NaN	26,281872226
 -3550,000000000	15000,000000000	-100,000000000	14,925791007	1,802900252	NaN	NaN	NaN	NaN	26,257520532
 -3550,000000000	15000,000000000	-150,000000000	10,373804977	1,751464873	NaN	NaN	NaN	NaN	26,260889269
 -3550,000000000	15000,000000000	-150,000000000	10,658290080	1,366824336	NaN	NaN	NaN	NaN	26,251569867
 -3550,000000000	15000,000000000	-150,000000000	10,820708452	1,824619804	NaN	NaN	NaN	NaN	26,272867994
 -3550,000000000	15000,000000000	-150,000000000	10,437101500	1,588466014	NaN	NaN	NaN	NaN	26,228556236
 -3550,000000000	15000,000000000	-150,000000000	11,150923146	1,152786481	NaN	NaN	NaN	NaN	26,222246915
 -3550,000000000	15000,000000000	-150,000000000	11,170484789	2,082439595	NaN	NaN	NaN	NaN	26,240626962
 -3550,000000000	15000,000000000	-150,000000000	10,385149603	1,136619805	NaN	NaN	NaN	NaN	26,287911907
 -3550,000000000	15000,000000000	-150,000000000	10,629190709	1,497766253	NaN	NaN	NaN	NaN	26,353876260
 -3550,000000000	15000,000000000	-150,000000000	11,152676412	2,407348393	NaN	NaN	NaN	NaN	26,403452986
 -3550,000000000	15000,000000000	-150,000000000	9,644258337	1,123425321	NaN	NaN	NaN	NaN	26,375340826
 -3550,000000000	15000,000000000	-150,000000000	11,988647407	2,064941000	NaN	NaN	NaN	NaN	26,371416929
 -3550,000000000	15000,000000000	-150,000000000	10,998825851	2,364632826	NaN	NaN	NaN	NaN	26,340754918
 -3550,000000000	20000,000000000	3700,000000000	38,601620201	0,126623011	NaN	NaN	NaN	NaN	26,251250972
 -3550,000000000	20000,000000000	2700,000000000	38,645494429	0,123301928	NaN	NaN	NaN	NaN	26,255091682
 -3550,000000000	20000,000000000	2200,000000000	38,990271546	0,129536997	NaN	NaN	NaN	NaN	26,283313445
 -3550,000000000	20000,000000000	2000,000000000	38,851400351	0,119668830	NaN	NaN	NaN	NaN	26,193756234
 -3550,000000000	20000,000000000	1800,000000000	38,713797984	0,133379180	NaN	NaN	NaN	NaN	26,206116130
 -3550,000000000	20000,000000000	1600,000000000	38,971527752	0,131379833	NaN	NaN	NaN	NaN	26,228984517
 -3550,000000000	20000,000000000	1400,000000000	38,552199521	0,129881753	NaN	NaN	NaN	NaN	26,262715215
 -3550,000000000	20000,000000000	1200,000000000	38,835014796	0,142408170	NaN	NaN	NaN	NaN	26,309008509
 -3550,000000000	20000,000000000	1000,000000000	38,400093687	0,180266992	NaN	NaN	NaN	NaN	26,346105341
 -3550,000000000	20000,000000000	800,000000000	37,442609465	0,402744831	NaN	NaN	NaN	NaN	26,427232741
 -3550,000000000	20000,000000000	600,000000000	35,803487932	1,705504575	NaN	NaN	NaN	NaN	26,391485568
 -3550,000000000	20000,000000000	400,000000000	32,788419414	1,958947635	NaN	NaN	NaN	NaN	26,413103436
 -3550,000000000	20000,000000000	200,000000000	25,325419111	3,017126662	NaN	NaN	NaN	NaN	26,390273023
 -3550,000000000	20000,000000000	0,000000000	9,962790835	1,297333139	NaN	NaN	NaN	NaN	26,364827076
 -3550,000000000	20000,000000000	0,000000000	11,126416532	1,359370895	NaN	NaN	NaN	NaN	26,359170007
 -3550,000000000	20000,000000000	0,000000000	10,442409826	1,112055097	NaN	NaN	NaN	NaN	26,342497448
 -3550,000000000	20000,000000000	0,000000000	10,911549952	1,830652689	NaN	NaN	NaN	NaN	26,385741331
 -3550,000000000	20000,000000000	0,000000000	10,543366196	1,352457675	NaN	NaN	NaN	NaN	26,335264974
 -3550,000000000	20000,000000000	0,000000000	10,601684646	1,240880359	NaN	NaN	NaN	NaN	26,374109504
 -3550,000000000	20000,000000000	0,000000000	10,478815185	1,587935475	NaN	NaN	NaN	NaN	26,428546227
 -3550,000000000	20000,000000000	0,000000000	10,693679497	1,289990686	NaN	NaN	NaN	NaN	26,394342780
 -3550,000000000	20000,000000000	0,000000000	10,372450747	1,625851311	NaN	NaN	NaN	NaN	26,347696989
 -3550,000000000	20000,000000000	0,000000000	9,729560792	1,276692317	NaN	NaN	NaN	NaN	26,358588762
 -3550,000000000	20000,000000000	0,000000000	10,941077535	1,648782159	NaN	NaN	NaN	NaN	26,366931623
 -3550,000000000	20000,000000000	0,000000000	11,812746711	1,873477998	NaN	NaN	NaN	NaN	26,377684560
 -3550,000000000	20000,000000000	0,000000000	10,647754840	1,416600745	NaN	NaN	NaN	NaN	26,385002316
 -3550,000000000	20000,000000000	0,000000000	10,307215112	1,076218794	NaN	NaN	NaN	NaN	26,383171044
 -3050,000000000	0,000000000	3700,000000000	39,706966222	0,148101727	NaN	NaN	NaN	NaN	26,460041952
 -3050,000000000	0,000000000	2700,000000000	39,846670368	0,157629205	NaN	NaN	NaN	NaN	26,401108250
 -3050,000000000	0,000000000	2200,000000000	39,731659486	0,147964846	NaN	NaN	NaN	NaN	26,403943689
 -3050,000000000	0,000000000	2000,000000000	39,337383031	0,147080052	NaN	NaN	NaN	NaN	26,296381073
 -3050,000000000	0,000000000	1800,000000000	39,864348793	0,161080887	NaN	NaN	NaN	NaN	26,290257326
 -3050,000000000	0,000000000	1600,000000000	39,659194084	0,167233274	NaN	NaN	NaN	NaN	26,283225967
 -3050,000000000	0,000000000	1400,000000000	39,645093594	0,152630799	NaN	NaN	NaN	NaN	26,253136796
 -3050,000000000	0,000000000	1200,000000000	39,416630530	0,154137996	NaN	NaN	NaN	NaN	26,242269015
 -3050,000000000	0,000000000	1000,000000000	39,722735340	0,167914249	NaN	NaN	NaN	NaN	26,220364299
 -3050,000000000	0,000000000	800,000000000	39,596979071	0,170950293	NaN	NaN	NaN	NaN	26,223261986
 -3050,000000000	0,000000000	600,000000000	39,424446597	0,197738818	NaN	NaN	NaN	NaN	26,262926774
 -3050,000000000	0,000000000	400,000000000	38,947006433	0,701871920	NaN	NaN	NaN	NaN	26,333180289
 -3050,000000000	0,000000000	200,000000000	36,728238231	1,550649518	NaN	NaN	NaN	NaN	26,291794857
 -3050,000000000	0,000000000	0,000000000	34,912911060	1,679463158	NaN	NaN	NaN	NaN	26,311897999
 -3050,000000000	0,000000000	-100,000000000	32,272194211	3,382569802	NaN	NaN	NaN	NaN	26,291589737
 -3050,000000000	0,000000000	-150,000000000	29,989500280	3,516415028	NaN	NaN	NaN	NaN	26,270337466
 -3050,000000000	0,000000000	-200,000000000	28,885117991	3,981382229	NaN	NaN	NaN	NaN	26,352590460
 -3050,000000000	0,000000000	-250,000000000	26,637172871	3,868969963	NaN	NaN	NaN	NaN	26,399696326
 -3050,000000000	0,000000000	-300,000000000	22,951463681	3,342113107	NaN	NaN	NaN	NaN	26,363390448
 -3050,000000000	0,000000000	-350,000000000	21,845849362	3,996649163	NaN	NaN	NaN	NaN	26,339821842
 -3050,000000000	0,000000000	-400,000000000	17,482351443	3,130630481	NaN	NaN	NaN	NaN	26,287482614
 -3050,000000000	0,000000000	-450,000000000	12,566334524	2,458587931	NaN	NaN	NaN	NaN	26,230858495
 -3050,000000000	0,000000000	-500,000000000	10,650803974	2,008011784	NaN	NaN	NaN	NaN	26,248306269
 -3050,000000000	0,000000000	-500,000000000	10,030622854	1,808559222	NaN	NaN	NaN	NaN	26,258743178
 -3050,000000000	0,000000000	-500,000000000	9,239070789	1,169700345	NaN	NaN	NaN	NaN	26,313248310
 -3050,000000000	0,000000000	-500,000000000	9,982282647	1,540987076	NaN	NaN	NaN	NaN	26,328264241
 -3050,000000000	0,000000000	-500,000000000	10,409961974	2,385722407	NaN	NaN	NaN	NaN	26,290935653
 -3050,000000000	5000,000000000	3700,000000000	39,560093382	0,136009554	NaN	NaN	NaN	NaN	26,286342047
 -3050,000000000	5000,000000000	2700,000000000	39,633100625	0,134247954	NaN	NaN	NaN	NaN	26,360615194
 -3050,000000000	5000,000000000	2200,000000000	39,728512554	0,153723650	NaN	NaN	NaN	NaN	26,366984793
 -3050,000000000	5000,000000000	2000,000000000	39,319230409	0,122746308	NaN	NaN	NaN	NaN	26,362785647
 -3050,000000000	5000,000000000	1800,000000000	39,392160661	0,136091132	NaN	NaN	NaN	NaN	26,336207238
 -3050,000000000	5000,000000000	1600,000000000	39,803911704	0,130907235	NaN	NaN	NaN	NaN	26,331100119
 -3050,000000000	5000,000000000	1400,000000000	39,530015426	0,139934989	NaN	NaN	NaN	NaN	26,312198164
 -3050,000000000	5000,000000000	1200,000000000	39,561864324	0,134148914	NaN	NaN	NaN	NaN	26,334060574
 -3050,000000000	5000,000000000	1000,000000000	39,939205071	0,169734913	NaN	NaN	NaN	NaN	26,384254931
 -3050,000000000	5000,000000000	800,000000000	39,677256569	0,160603798	NaN	NaN	NaN	NaN	26,366236334
 -3050,000000000	5000,000000000	600,000000000	38,816296673	0,511723433	NaN	NaN	NaN	NaN	26,321611620
 -3050,000000000	5000,000000000	400,000000000	38,360041782	0,687382391	NaN	NaN	NaN	NaN	26,343766130
 -3050,000000000	5000,000000000	200,000000000	35,631187014	2,974738212	NaN	NaN	NaN	NaN	26,314668708
 -3050,000000000	5000,000000000	0,000000000	31,613000263	3,001108078	NaN	NaN	NaN	NaN	26,234931058
 -3050,000000000	5000,000000000	-100,000000000	27,086388015	3,699056878	NaN	NaN	NaN	NaN	26,257784334
 -3050,000000000	5000,000000000	-150,000000000	25,348035372	3,426827007	NaN	NaN	NaN	NaN	26,302832173
 -3050,000000000	5000,000000000	-200,000000000	24,486061873	3,785263257	NaN	NaN	NaN	NaN	26,337330749
 -3050,000000000	5000,000000000	-250,000000000	20,345793283	2,813037752	NaN	NaN	NaN	NaN	26,370268853
 -3050,000000000	5000,000000000	-300,000000000	15,126086526	2,884323444	NaN	NaN	NaN	NaN	26,284385998
 -3050,000000000	5000,000000000	-350,000000000	12,140311039	1,902797412	NaN	NaN	NaN	NaN	26,341182065
 -3050,000000000	5000,000000000	-400,000000000	10,463105650	1,812040356	NaN	NaN	NaN	NaN	26,320233516
 -3050,000000000	5000,000000000	-400,000000000	9,976372994	1,556713103	NaN	NaN	NaN	NaN	26,340597722
 -3050,000000000	5000,000000000	-400,000000000	10,085852024	2,007710254	NaN	NaN	NaN	NaN	26,330699968
 -3050,000000000	5000,000000000	-400,000000000	9,643494001	1,533001620	NaN	NaN	NaN	NaN	26,341936116
 -3050,000000000	5000,000000000	-400,000000000	9,556886752	1,851733799	NaN	NaN	NaN	NaN	26,344346387
 -3050,000000000	5000,000000000	-400,000000000	9,982212034	2,123236688	NaN	NaN	NaN	NaN	26,399046948
 -3050,000000000	5000,000000000	-400,000000000	9,091920229	1,296114205	NaN	NaN	NaN	NaN	26,392560596
 -3050,000000000	10000,000000000	3700,000000000	40,108483150	0,132041020	NaN	NaN	NaN	NaN	26,377266382
 -3050,000000000	10000,000000000	2700,000000000	39,853616873	0,148378815	NaN	NaN	NaN	NaN	26,443944527
 -3050,000000000	10000,000000000	2200,000000000	39,829686635	0,127175917	NaN	NaN	NaN	NaN	26,493447151
 -3050,000000000	10000,000000000	2000,000000000	39,698839333	0,139115914	NaN	NaN	NaN	NaN	26,538404119
 -3050,000000000	10000,000000000	1800,000000000	40,236065226	0,156720731	NaN	NaN	NaN	NaN	26,549721135
 -3050,000000000	10000,000000000	1600,000000000	40,057371961	0,162374155	NaN	NaN	NaN	NaN	26,465700254
 -3050,000000000	10000,000000000	1400,000000000	39,772401876	0,147416280	NaN	NaN	NaN	NaN	26,410835582
 -3050,000000000	10000,000000000	1200,000000000	39,889126523	0,149982923	NaN	NaN	NaN	NaN	26,390170793
 -3050,000000000	10000,000000000	1000,000000000	39,775694138	0,175457825	NaN	NaN	NaN	NaN	26,355916835
 -3050,000000000	10000,000000000	800,000000000	39,182507925	0,293161757	NaN	NaN	NaN	NaN	26,316934044
 -3050,000000000	10000,000000000	600,000000000	38,810620033	0,879050293	NaN	NaN	NaN	NaN	26,299483399
 -3050,000000000	10000,000000000	400,000000000	35,233454100	2,780062327	NaN	NaN	NaN	NaN	26,300243773
 -3050,000000000	10000,000000000	200,000000000	32,877476300	2,807452907	NaN	NaN	NaN	NaN	26,285213055
 -3050,000000000	10000,000000000	0,000000000	27,998890113	4,333051227	NaN	NaN	NaN	NaN	26,276505235
 -3050,000000000	10000,000000000	-100,000000000	23,381937912	3,756999204	NaN	NaN	NaN	NaN	26,326455888
 -3050,000000000	10000,000000000	-150,000000000	18,022448704	2,862895094	NaN	NaN	NaN	NaN	26,318939010
 -3050,000000000	10000,000000000	-200,000000000	13,252603093	2,510620082	NaN	NaN	NaN	NaN	26,338298640
 -3050,000000000	10000,000000000	-250,000000000	10,904123108	1,706199017	NaN	NaN	NaN	NaN	26,337473711
 -3050,000000000	10000,000000000	-250,000000000	10,743950741	1,863094523	NaN	NaN	NaN	NaN	26,399857522
 -3050,000000000	10000,000000000	-250,000000000	10,708191337	1,886952172	NaN	NaN	NaN	NaN	26,444106172
 -3050,000000000	10000,000000000	-250,000000000	10,839719725	1,652752444	NaN	NaN	NaN	NaN	26,411003094
 -3050,000000000	10000,000000000	-250,000000000	10,321758957	2,242409002	NaN	NaN	NaN	NaN	26,367718958
 -3050,000000000	10000,000000000	-250,000000000	10,683192981	1,569962386	NaN	NaN	NaN	NaN	26,326869096
 -3050,000000000	10000,000000000	-250,000000000	10,743133248	1,758742893	NaN	NaN	NaN	NaN	26,427690992
 -3050,000000000	10000,000000000	-250,000000000	10,978064937	2,219010420	NaN	NaN	NaN	NaN	26,419857261
 -3050,000000000	10000,000000000	-250,000000000	9,760619543	1,979179534	NaN	NaN	NaN	NaN	26,385691266
 -3050,000000000	10000,000000000	-250,000000000	10,838303553	2,224937211	NaN	NaN	NaN	NaN	26,375138941
 -3050,000000000	15000,000000000	3700,000000000	39,851322567	0,122100448	NaN	NaN	NaN	NaN	26,391025379
 -3050,000000000	15000,000000000	2700,000000000	39,899956039	0,130652802	NaN	NaN	NaN	NaN	26,375155270
 -3050,000000000	15000,000000000	2200,000000000	39,469112745	0,128668672	NaN	NaN	NaN	NaN	26,346700786
 -3050,000000000	15000,000000000	2000,000000000	39,792150549	0,130070616	NaN	NaN	NaN	NaN	26,388962061
 -3050,000000000	15000,000000000	1800,000000000	39,703692732	0,127697822	NaN	NaN	NaN	NaN	26,336729266
 -3050,000000000	15000,000000000	1600,000000000	39,586441161	0,129924452	NaN	NaN	NaN	NaN	26,372026585
 -3050,000000000	15000,000000000	1400,000000000	39,886966806	0,131836782	NaN	NaN	NaN	NaN	26,402784867
 -3050,000000000	15000,000000000	1200,000000000	39,959343149	0,144496042	NaN	NaN	NaN	NaN	26,384402055
 -3050,000000000	15000,000000000	1000,000000000	39,468762666	0,782448874	NaN	NaN	NaN	NaN	26,417252466
 -3050,000000000	15000,000000000	800,000000000	39,040125491	0,394569313	NaN	NaN	NaN	NaN	26,416408803
 -3050,000000000	15000,000000000	600,000000000	36,652251220	2,078426702	NaN	NaN	NaN	NaN	26,394216938
 -3050,000000000	15000,000000000	400,000000000	34,809244213	1,752526641	NaN	NaN	NaN	NaN	26,344901821
 -3050,000000000	15000,000000000	200,000000000	26,053309949	2,027438782	NaN	NaN	NaN	NaN	26,322563890
 -3050,000000000	15000,000000000	0,000000000	13,895437579	2,859768886	NaN	NaN	NaN	NaN	26,282107314
 -3050,000000000	15000,000000000	-100,000000000	10,054509405	1,278174076	NaN	NaN	NaN	NaN	26,270292864
 -3050,000000000	15000,000000000	-100,000000000	8,892612005	1,733240677	NaN	NaN	NaN	NaN	26,288427451
 -3050,000000000	15000,000000000	-100,000000000	9,530694907	1,440343032	NaN	NaN	NaN	NaN	26,284556938
 -3050,000000000	15000,000000000	-100,000000000	8,439334883	1,248315934	NaN	NaN	NaN	NaN	26,328441713
 -3050,000000000	15000,000000000	-100,000000000	9,730141977	1,378938268	NaN	NaN	NaN	NaN	26,336940815
 -3050,000000000	15000,000000000	-100,000000000	8,973789665	1,275107922	NaN	NaN	NaN	NaN	26,323291231
 -3050,000000000	15000,000000000	-100,000000000	9,159927433	1,699527390	NaN	NaN	NaN	NaN	26,341749447
 -3050,000000000	15000,000000000	-100,000000000	9,265847509	1,538006201	NaN	NaN	NaN	NaN	26,329935777
 -3050,000000000	15000,000000000	-100,000000000	10,492017296	1,652060099	NaN	NaN	NaN	NaN	26,429323501
 -3050,000000000	15000,000000000	-100,000000000	10,091575516	1,709941231	NaN	NaN	NaN	NaN	26,421833714
 -3050,000000000	15000,000000000	-100,000000000	9,739173006	1,623619101	NaN	NaN	NaN	NaN	26,340310247
 -3050,000000000	15000,000000000	-100,000000000	10,076030501	1,381675612	NaN	NaN	NaN	NaN	26,352943354
 -3050,000000000	15000,000000000	-100,000000000	10,049155865	1,571415999	NaN	NaN	NaN	NaN	26,406690558
 -3050,000000000	20000,000000000	3700,000000000	39,764876673	0,127213378	NaN	NaN	NaN	NaN	26,430883250
 -3050,000000000	20000,000000000	2700,000000000	39,748451396	0,124920739	NaN	NaN	NaN	NaN	26,452023184
 -3050,000000000	20000,000000000	2200,000000000	40,015834698	0,128232499	NaN	NaN	NaN	NaN	26,460993321
 -3050,000000000	20000,000000000	2000,000000000	39,758687801	0,122689435	NaN	NaN	NaN	NaN	26,332096004
 -3050,000000000	20000,000000000	1800,000000000	40,009493003	0,130581273	NaN	NaN	NaN	NaN	26,406156000
 -3050,000000000	20000,000000000	1600,000000000	40,156426938	0,141568289	NaN	NaN	NaN	NaN	26,392636090
 -3050,000000000	20000,000000000	1400,000000000	39,962638279	0,154948379	NaN	NaN	NaN	NaN	26,357208627
 -3050,000000000	20000,000000000	1200,000000000	39,785372967	0,208511808	NaN	NaN	NaN	NaN	26,391020292
 -3050,000000000	20000,000000000	1000,000000000	39,416864248	0,623529061	NaN	NaN	NaN	NaN	26,384824604
 -3050,000000000	20000,000000000	800,000000000	37,816016087	1,072442908	NaN	NaN	NaN	NaN	26,413369056
 -3050,000000000	20000,000000000	600,000000000	34,904482551	2,427647260	NaN	NaN	NaN	NaN	26,440626021
 -3050,000000000	20000,000000000	400,000000000	31,258818415	2,848197390	NaN	NaN	NaN	NaN	26,417225569
 -3050,000000000	20000,000000000	200,000000000	19,687186789	3,902059322	NaN	NaN	NaN	NaN	26,420551701
 -3050,000000000	20000,000000000	0,000000000	10,168179188	1,851958592	NaN	NaN	NaN	NaN	26,377353032
 -3050,000000000	20000,000000000	0,000000000	9,845714379	1,515546657	NaN	NaN	NaN	NaN	26,392798643
 -3050,000000000	20000,000000000	0,000000000	9,689241766	1,601827140	NaN	NaN	NaN	NaN	26,386381213
 -3050,000000000	20000,000000000	0,000000000	10,926168217	1,900562757	NaN	NaN	NaN	NaN	26,417996880
 -3050,000000000	20000,000000000	0,000000000	9,895734516	1,389626778	NaN	NaN	NaN	NaN	26,358355647
 -3050,000000000	20000,000000000	0,000000000	10,560886288	1,950749858	NaN	NaN	NaN	NaN	26,384714690
 -3050,000000000	20000,000000000	0,000000000	10,590107141	1,748638997	NaN	NaN	NaN	NaN	26,339568745
 -3050,000000000	20000,000000000	0,000000000	10,556941950	1,414048618	NaN	NaN	NaN	NaN	26,438425745
 -3050,000000000	20000,000000000	0,000000000	9,850045597	1,177946328	NaN	NaN	NaN	NaN	26,384704012
 -3050,000000000	20000,000000000	0,000000000	9,816692801	1,371334251	NaN	NaN	NaN	NaN	26,388426772
 -3050,000000000	20000,000000000	0,000000000	10,893152776	1,923234626	NaN	NaN	NaN	NaN	26,405495028
 -3050,000000000	20000,000000000	0,000000000	10,111005256	1,501569069	NaN	NaN	NaN	NaN	26,347380430
 -3050,000000000	20000,000000000	0,000000000	9,652077320	1,452562098	NaN	NaN	NaN	NaN	26,396667589
 -3050,000000000	20000,000000000	0,000000000	10,889434839	1,446571849	NaN	NaN	NaN	NaN	26,408254581
